53419
64715
53521
166816
54993
55172
55125
55034
55003
55094
162832
11525
917
31244
70455
117373
45489
116176
128740
96700
96723
1002
44427
168419
355
46644
247
518
150236
45797
1434
1437
1512
1518
848
8926
2296
56
390
2892
897
908
296
2890
48360
1650
1538
1550
10105
2050
1415
447
328
1741
1482
1260
4114
5978
9172
1457
7650
7603
1281
818
14470
14593
1254
2517
2056
4264
10825
13843
11140
13830
13263
821
1749
286
850
1303
3483
10
936
29
1013
521
1144
1761
4797
2921
16
2977
725
1568
658
69
2904
1569